IRIDIUM 106             
1 41917U 17003A   22019.81485337  .00000160  00000+0  49976-4 0  9991
2 41917  86.3953  41.0437 0002284  98.9623 261.1831 14.34218776262533
IRIDIUM 103             
1 41918U 17003B   22020.15099894  .00000146  00000+0  45186-4 0  9993
2 41918  86.3953  40.8082 0001817  91.2758 268.8646 14.34217204262615
IRIDIUM 109             
1 41919U 17003C   22020.43641845  .00000137  00000+0  41862-4 0  9991
2 41919  86.3954  40.7215 0002063  92.3071 267.8361 14.34218417262630
IRIDIUM 102             
1 41920U 17003D   22019.77679062  .00000159  00000+0  49611-4 0  9994
2 41920  86.3952  40.9554 0002144  85.2738 274.8703 14.34217871262607
IRIDIUM 105             
1 41921U 17003E   22019.88699390  .00000151  00000+0  46721-4 0  9994
2 41921  86.3979   9.3223 0002165 104.1437 255.9999 14.34224591264470
IRIDIUM 104             
1 41922U 17003F   22019.78947242  .00000156  00000+0  48571-4 0  9996
2 41922  86.3953  40.9684 0002145  99.6474 260.4964 14.34217343262593
IRIDIUM 114             
1 41923U 17003G   22020.49349631  .00000136  00000+0  41641-4 0  9994
2 41923  86.3954  40.6622 0002464  91.5521 268.5957 14.34220527262692
IRIDIUM 108             
1 41924U 17003H   22019.89387058  .00000152  00000+0  47201-4 0  9998
2 41924  86.3973   9.3021 0002308  96.2040 263.9419 14.34216812264443
IRIDIUM 112             
1 41925U 17003J   22019.78313263  .00000154  00000+0  48103-4 0  9998
2 41925  86.3949  40.8769 0002387  85.9782 274.1687 14.34218191262598
IRIDIUM 111             
1 41926U 17003K   22019.77042606  .00000155  00000+0  48201-4 0  9998
2 41926  86.3951  40.9178 0001871  92.8538 267.2872 14.34221518262574
IRIDIUM 113             
1 42803U 17039A   22020.09925959  .00000179  00000+0  56808-4 0  9998
2 42803  86.3970 274.4943 0001718  89.3454 270.7939 14.34216701240557
IRIDIUM 123             
1 42804U 17039B   22020.48959099  .00000166  00000+0  52261-4 0  9999
2 42804  86.3985 305.8930 0001878  79.8598 280.2810 14.34218380239376
IRIDIUM 120             
1 42805U 17039C   22020.09291869  .00000180  00000+0  57110-4 0  9995
2 42805  86.3960 274.4880 0001670  90.9142 269.2245 14.34218988240548
IRIDIUM 115             
1 42806U 17039D   22020.15775352  .00000211  00000+0  56715-4 0  9992
2 42806  86.4499 274.3482 0001346  16.0275 344.0968 14.43276515242186
IRIDIUM 118             
1 42807U 17039E   22019.89336274  .00000034  00000+0  52526-5 0  9998
2 42807  86.3986 306.1470 0002131  76.3030 283.8403 14.34215670239285
IRIDIUM 117             
1 42808U 17039F   22020.33101107  .00000162  00000+0  50853-4 0  9997
2 42808  86.3984 305.9360 0001928  94.4944 265.6472 14.34220073239385
IRIDIUM 126             
1 42809U 17039G   22020.49591659  .00000167  00000+0  52446-4 0  9995
2 42809  86.3985 305.8930 0001927  84.7407 275.4009 14.34220529239385
IRIDIUM 124             
1 42810U 17039H   22020.16088091  .00000204  00000+0  54657-4 0  9990
2 42810  86.4486 242.7558 0002355  95.6520 264.4949 14.43279596243038
IRIDIUM 128             
1 42811U 17039J   22020.41688148  .00000151  00000+0  46710-4 0  9990
2 42811  86.3991 337.4677 0001599  88.0708 272.0671 14.34216365239392
IRIDIUM 121             
1 42812U 17039K   22020.30563281  .00000160  00000+0  50240-4 0  9992
2 42812  86.4016 305.9910 0002846  73.4415 286.7093 14.34202008239345
IRIDIUM 133             
1 42955U 17061A   22019.89045748  .00000143  00000+0  43836-4 0  9994
2 42955  86.3992 337.7666 0001784  85.8528 274.2872 14.34217278224119
IRIDIUM 100             
1 42956U 17061B   22019.88411363  .00000143  00000+0  44049-4 0  9991
2 42956  86.3990 337.7262 0002084  88.7015 271.4419 14.34217093224118
IRIDIUM 122             
1 42957U 17061C   22019.92216189  .00000143  00000+0  44042-4 0  9999
2 42957  86.3990 337.7069 0001670  87.9980 272.1407 14.34219477224120
IRIDIUM 129             
1 42958U 17061D   22019.87777619  .00000145  00000+0  44567-4 0  9998
2 42958  86.3991 337.7751 0001752  85.4132 274.7264 14.34218517224137
IRIDIUM 119             
1 42959U 17061E   22019.91581933  .00000141  00000+0  43380-4 0  9994
2 42959  86.3992 337.7470 0001818  83.5818 276.5585 14.34218490224158
IRIDIUM 107             
1 42960U 17061F   22019.93485045  .00000147  00000+0  45511-4 0  9999
2 42960  86.3992 337.7502 0002015  88.4895 271.6531 14.34218144224169
IRIDIUM 132             
1 42961U 17061G   22019.94119656  .00000145  00000+0  44741-4 0  9995
2 42961  86.3991 337.7367 0001982  94.4546 265.6877 14.34218148224160
IRIDIUM 136             
1 42962U 17061H   22019.90314637  .00000143  00000+0  44065-4 0  9995
2 42962  86.3992 337.7534 0001868  80.9285 279.2122 14.34218388224172
IRIDIUM 139             
1 42963U 17061J   22019.97923950  .00000133  00000+0  40439-4 0  9997
2 42963  86.3994 337.7580 0001895  89.2617 270.8796 14.34216192224194
IRIDIUM 125             
1 42964U 17061K   22019.89680194  .00000143  00000+0  43970-4 0  9993
2 42964  86.3994 337.8240 0001953  91.0610 269.0809 14.34219613224194
IRIDIUM 135             
1 43070U 17083A   22020.14999930  .00000168  00000+0  52859-4 0  9990
2 43070  86.3965 274.4158 0002359  88.0581 272.0885 14.34218190213521
IRIDIUM 138             
1 43071U 17083B   22020.10560448  .00000168  00000+0  52796-4 0  9995
2 43071  86.3955 274.2613 0001777  85.0159 275.1240 14.34217762213507
IRIDIUM 116             
1 43072U 17083C   22020.14364827  .00000167  00000+0  52715-4 0  9993
2 43072  86.3964 274.4233 0002151  78.7795 281.3643 14.34218833213540
IRIDIUM 130             
1 43073U 17083D   22020.11194523  .00000169  00000+0  53227-4 0  9996
2 43073  86.3972 274.5543 0001800  81.6127 278.5273 14.34217533213483
IRIDIUM 151             
1 43074U 17083E   22020.15632890  .00000167  00000+0  52608-4 0  9995
2 43074  86.3967 274.4389 0002058  76.9562 283.1864 14.34221081213516
IRIDIUM 134             
1 43075U 17083F   22020.12463036  .00000170  00000+0  53503-4 0  9996
2 43075  86.3968 274.4375 0001975  93.7275 266.4146 14.34217872213473
IRIDIUM 137             
1 43076U 17083G   22020.13730288  .00000167  00000+0  52717-4 0  9996
2 43076  86.3969 274.4952 0002120  76.6604 283.4828 14.34218642213545
IRIDIUM 141             
1 43077U 17083H   22020.13096932  .00000167  00000+0  52432-4 0  9992
2 43077  86.3965 274.4174 0001827  79.7201 280.4201 14.34217370213547
IRIDIUM 153             
1 43078U 17083J   22019.52497885  .00000178  00000+0  56654-4 0  9998
2 43078  86.3962 243.0915 0001367  79.9102 280.2248 14.34220782214564
IRIDIUM 131             
1 43079U 17083K   22019.42060811  .00000175  00000+0  55374-4 0  9998
2 43079  86.3970 274.7927 0001756  84.8140 275.3256 14.34218650213370
IRIDIUM 144             
1 43249U 18030A   22020.15927163  .00000155  00000+0  48163-4 0  9990
2 43249  86.3959 242.8007 0002118  97.3826 262.7611 14.34217996199532
IRIDIUM 149             
1 43250U 18030B   22019.88652873  .00000150  00000+0  46343-4 0  9996
2 43250  86.3957 242.8989 0002299  94.9683 265.1776 14.34217831199497
IRIDIUM 157             
1 43251U 18030C   22019.55671982  .00000167  00000+0  52425-4 0  9999
2 43251  86.3960 243.0544 0001914  78.1975 281.9435 14.34217798199426
IRIDIUM 140             
1 43252U 18030D   22020.13387497  .00000138  00000+0  42044-4 0  9995
2 43252  86.3960 242.8279 0002318 105.5413 254.6039 14.34220714199564
IRIDIUM 145             
1 43253U 18030E   22020.12121246  .00000157  00000+0  49124-4 0  9990
2 43253  86.3959 242.8106 0003022  94.2304 265.9237 14.34218748199499
IRIDIUM 146             
1 43254U 18030F   22019.54401696  .00000164  00000+0  51567-4 0  9997
2 43254  86.3960 243.0681 0002371  88.7985 271.3483 14.34217841199422
IRIDIUM 148             
1 43255U 18030G   22020.34954380  .00000147  00000+0  45274-4 0  9990
2 43255  86.3960 242.7514 0002167  80.5884 279.5556 14.34217166199583
IRIDIUM 142             
1 43256U 18030H   22019.34107582  .00000170  00000+0  53470-4 0  9996
2 43256  86.3958 243.1209 0002105  87.6695 272.4741 14.34219341199391
IRIDIUM 150             
1 43257U 18030J   22020.14657514  .00000154  00000+0  47892-4 0  9995
2 43257  86.3960 242.8485 0002044  93.7508 266.3921 14.34216334199559
IRIDIUM 143             
1 43258U 18030K   22019.84847634  .00000156  00000+0  48576-4 0  9997
2 43258  86.3964 242.9997 0002418  91.8334 268.3138 14.34218895199426
IRIDIUM 161             
1 43478U 18047C   22020.13886451  .00000174  00000+0  45609-4 0  9997
2 43478  86.4473  40.9071 0001937  96.1043 264.0378 14.43286264193052
IRIDIUM 152             
1 43479U 18047D   22020.44909786  .00000136  00000+0  41563-4 0  9992
2 43479  86.3949  40.6439 0002415  87.9172 272.2301 14.34215996191912
IRIDIUM 147             
1 43480U 18047E   22019.75775483  .00000159  00000+0  49718-4 0  9996
2 43480  86.3950  40.9104 0002039  86.4038 273.7391 14.34217132191802
IRIDIUM 110             
1 43481U 18047F   22019.76410296  .00000163  00000+0  50980-4 0  9994
2 43481  86.3952  40.9571 0002162  99.2235 260.9205 14.34218274191799
IRIDIUM 162             
1 43482U 18047G   22019.78586978  .00000188  00000+0  49768-4 0  9997
2 43482  86.4472  40.9673 0002274  96.2277 263.9183 14.43276245192991
IRIDIUM 160             
1 43569U 18061A   22019.91923874  .00000135  00000+0  41046-4 0  9997
2 43569  86.3975   9.2747 0002201  81.9773 278.1672 14.34215996182712
IRIDIUM 166             
1 43570U 18061B   22020.50277602  .00000129  00000+0  39115-4 0  9994
2 43570  86.3975   9.0034 0002290  94.0506 266.0952 14.34218528182821
IRIDIUM 158             
1 43571U 18061C   22019.91290299  .00000142  00000+0  43625-4 0  9991
2 43571  86.3974   9.2581 0002410  88.1944 271.9528 14.34219824182705
IRIDIUM 165             
1 43572U 18061D   22020.49640206  .00000123  00000+0  37007-4 0  9990
2 43572  86.3972   9.0316 0002403  91.8765 268.2706 14.34214008182810
IRIDIUM 155             
1 43573U 18061E   22019.90022584  .00000138  00000+0  42223-4 0  9990
2 43573  86.3972   9.2267 0001901  99.2699 260.8712 14.34218393182690
IRIDIUM 154             
1 43574U 18061F   22019.88119121  .00000139  00000+0  42672-4 0  9991
2 43574  86.3976   9.2912 0002186  81.5179 278.6265 14.34217538182741
IRIDIUM 163             
1 43575U 18061G   22019.93192810  .00000131  00000+0  39826-4 0  9993
2 43575  86.3974   9.2345 0002613  90.0557 270.0938 14.34219867182728
IRIDIUM 156             
1 43576U 18061H   22020.46471551  .00000026  00000+0  20825-5 0  9999
2 43576  86.3976   9.0172 0002336  96.1177 264.0285 14.34217406182785
IRIDIUM 164             
1 43577U 18061J   22019.88752415  .00000140  00000+0  42828-4 0  9998
2 43577  86.3975   9.2742 0002304  83.8501 276.2957 14.34220535182754
IRIDIUM 159             
1 43578U 18061K   22020.06511092  .00000137  00000+0  41720-4 0  9991
2 43578  86.3973   9.1706 0002205  83.8859 276.2588 14.34220824182748
IRIDIUM 180             
1 43922U 19002A   22020.48324065  .00000162  00000+0  50873-4 0  9995
2 43922  86.3985 305.8692 0002631  69.4627 290.6851 14.34219852158453
IRIDIUM 176             
1 43923U 19002B   22020.49922609  .00000039  00000+0  22102-5 0  9993
2 43923  86.6118 305.8974 0002068  83.4952 276.6501 14.72247504162569
IRIDIUM 168             
1 43924U 19002C   22020.33735640  .00000162  00000+0  50612-4 0  9997
2 43924  86.3988 305.9620 0002124  76.6734 283.4698 14.34220123158379
IRIDIUM 173             
1 43925U 19002D   22020.32468017  .00000148  00000+0  45900-4 0  9996
2 43925  86.3983 305.9217 0002165  79.2475 280.8965 14.34219252158361
IRIDIUM 169             
1 43926U 19002E   22019.94034646  .00000156  00000+0  44607-4 0  9992
2 43926  86.4248 337.6831 0002975 223.0033 137.0933 14.38602894158864
IRIDIUM 172             
1 43927U 19002F   22019.55086608  .00000178  00000+0  56636-4 0  9994
2 43927  86.3983 306.2481 0002228  77.4269 282.7176 14.34220531158256
IRIDIUM 175             
1 43928U 19002G   22020.49304608  .00000466  00000+0  69942-4 0  9997
2 43928  86.6121 305.7260 0002569  80.8957 279.2551 14.72250831162557
IRIDIUM 171             
1 43929U 19002H   22019.88067998  .00000164  00000+0  51561-4 0  9990
2 43929  86.3994 306.2380 0002112  76.8668 283.2764 14.34216843158290
IRIDIUM 170             
1 43930U 19002J   22020.30151038  .00000472  00000+0  70902-4 0  9992
2 43930  86.6120 305.9876 0002733  80.7962 279.3564 14.72237750162541
IRIDIUM 167             
1 43931U 19002K   22019.87431571  .00000137  00000+0  41776-4 0  9991
2 43931  86.3985 306.1211 0002424  70.7041 289.4417 14.34227608158293
